[((31, 8, 0, 0), (1, 0), -1), ((30, 8, 1, 0), (1, 0), -1), ((28, 8, 2, 0), (1, 0), -1), ((25, 8, 3, 0), (1, 0), -1), ((21, 8, 4, 0), (1, 0), -1), ((16, 8, 5, 0), (1, 0), -1), ((11, 8, 5, 0), (-1, 1), -1), ((7, 9, 4, 1), (-1, 1), -1), ((4, 11, 3, 2), (-1, 1), -1), ((2, 14, 2, 3), (-1, 1), 100)]
[((31, 8, 0, 0), (1, 0), -1), ((30, 8, 1, 0), (1, 1), -1), ((28, 9, 2, 1), (1, -1), -1), ((25, 9, 3, 0), (1, 0), -1), ((21, 9, 4, 0), (1, 0), -1), ((16, 9, 5, 0), (-1, 0), -1), ((12, 9, 4, 0), (-1, 0), -1), ((9, 9, 3, 0), (0, 1), -1), ((6, 10, 3, 1), (-1, 1), -1), ((4, 12, 2, 2), (-1, 1), -1), ((3, 15, 1, 3), (-1, 1), 100)]
[((31, 5, 0, 0), (1, 0), -1), ((30, 5, 1, 0), (1, 0), -1), ((28, 5, 2, 0), (1, 0), -1), ((25, 5, 3, 0), (1, 0), -1), ((21, 5, 4, 0), (1, 0), -1), ((16, 5, 5, 0), (-1, 1), -1), ((12, 6, 4, 1), (-1, 1), -1), ((9, 8, 3, 2), (0, 0), -1), ((6, 10, 3, 2), (-1, 1), -1), ((4, 13, 2, 3), (-1, 1), 100)]
[((31, 9, 0, 0), (1, 0), -1), ((30, 9, 1, 0), (1, 0), -1), ((28, 9, 2, 0), (1, 0), -1), ((25, 9, 3, 0), (1, 0), -1), ((21, 9, 4, 0), (1, 0), -1), ((16, 9, 5, 0), (-1, 0), -1), ((12, 9, 4, 0), (-1, 0), -1), ((9, 9, 3, 0), (0, 1), -1), ((6, 10, 3, 1), (-1, 1), -1), ((4, 12, 2, 2), (-1, 1), -1), ((3, 15, 1, 3), (-1, 1), 100)]
[((31, 7, 0, 0), (1, 0), -1), ((30, 7, 1, 0), (1, 0), -1), ((28, 7, 2, 0), (1, 0), -1), ((25, 7, 3, 0), (1, 0), -1), ((21, 7, 4, 0), (1, 0), -1), ((16, 7, 5, 0), (0, 1), -1), ((11, 8, 5, 1), (-1, 0), -1), ((7, 9, 4, 1), (-1, 1), -1), ((4, 11, 3, 2), (-1, 1), -1), ((2, 14, 2, 3), (-1, 1), 100)]
[((31, 4, 0, 0), (1, 0), -1), ((30, 4, 1, 0), (1, 0), -1), ((28, 4, 2, 0), (1, 0), -1), ((25, 4, 3, 0), (1, 1), -1), ((21, 5, 4, 1), (1, 1), -1), ((16, 7, 5, 2), (-1, -1), -1), ((12, 8, 4, 1), (-1, -1), -1), ((9, 8, 3, 0), (0, 1), -1), ((6, 9, 3, 1), (-1, 1), -1), ((4, 11, 2, 2), (-1, 1), -1), ((3, 14, 1, 3), (-1, 1), 100)]
[((31, 6, 0, 0), (1, 0), -1), ((30, 6, 1, 0), (1, 0), -1), ((28, 6, 2, 0), (1, 0), -1), ((25, 6, 3, 0), (1, 0), -1), ((21, 6, 4, 0), (0, 1), -1), ((17, 7, 4, 1), (0, 0), -1), ((13, 8, 4, 1), (0, 0), -1), ((9, 9, 4, 1), (-1, 0), -1), ((6, 10, 3, 1), (-1, 1), -1), ((4, 12, 2, 2), (-1, 1), -1), ((3, 15, 1, 3), (-1, 1), 100)]
[((31, 5, 0, 0), (1, 0), -1), ((30, 5, 1, 0), (1, 0), -1), ((28, 5, 2, 0), (1, 0), -1), ((25, 5, 3, 0), (1, 0), -1), ((21, 5, 4, 0), (1, 0), -1), ((16, 5, 5, 0), (-1, 1), -1), ((12, 6, 4, 1), (-1, 1), -1), ((9, 8, 3, 2), (0, 0), -1), ((6, 10, 3, 2), (-1, 1), -1), ((4, 13, 2, 3), (-1, 1), 100)]
[((31, 7, 0, 0), (1, 0), -1), ((30, 7, 1, 0), (1, 0), -1), ((28, 7, 2, 0), (1, 0), -1), ((25, 7, 3, 0), (1, 0), -1), ((21, 7, 4, 0), (1, 0), -1), ((16, 7, 5, 0), (-1, 0), -1), ((12, 7, 4, 0), (-1, 1), -1), ((9, 8, 3, 1), (0, 1), -1), ((6, 10, 3, 2), (-1, 1), -1), ((4, 13, 2, 3), (-1, 1), 100)]
[((31, 6, 0, 0), (1, 0), -1), ((30, 6, 1, 0), (1, 0), -1), ((28, 6, 2, 0), (1, 0), -1), ((25, 6, 3, 0), (1, 0), -1), ((21, 6, 4, 0), (1, 0), -1), ((16, 6, 5, 0), (-1, 1), -1), ((12, 7, 4, 1), (-1, 1), -1), ((9, 9, 3, 2), (0, -1), -1), ((6, 10, 3, 1), (-1, 1), -1), ((4, 12, 2, 2), (-1, 1), -1), ((3, 15, 1, 3), (-1, 1), 100)]
